410105,061101
410104,061102
410105,061210
410104,061210
410105,071400
410105,071600
410102,120302
410103,120302
410105,120302
410104,120302
410102,141400
410184,141400
410103,141400
410105,141400
410104,141400
410102,150904
410105,150904
410104,150904
410105,150909
410185,190108
410183,190108
410184,190108
410181,190108
410182,190108
410102,190302
410184,190302
410103,190302
410105,190302
410122,190302
410104,190302
410102,190403
410184,190403
410182,190403
410103,190403
410105,190403
410108,190403
410122,190403
410104,190403
410102,991401
410103,991401
410105,991401
410104,991401
